C:\Users\some\Desktop\（毕设）全自动捕捉显微镜\Microbial-identification\src/neural_network/VOCdevkit/VOC2007/JPEGImages/BloodImage_00000.jpg 216,359,316,464,0 77,326,177,431,0 540,353,640,458,0 405,350,513,457,0 160,72,245,177,0 5,335,90,440,0 540,39,640,149,0 383,1,504,113,0 9,82,108,168,0 68,212,165,346,0 171,181,264,282,0
C:\Users\some\Desktop\（毕设）全自动捕捉显微镜\Microbial-identification\src/neural_network/VOCdevkit/VOC2007/JPEGImages/BloodImage_00001.jpg 284,342,365,449,0 334,366,448,454,0 412,286,542,386,0 435,1,569,70,0 51,178,150,295,0 140,1,230,110,0 458,131,550,220,0 269,168,346,267,0 166,161,248,261,0 1,94,82,194,0 12,30,105,134,0
C:\Users\some\Desktop\（毕设）全自动捕捉显微镜\Microbial-identification\src/neural_network/VOCdevkit/VOC2007/JPEGImages/BloodImage_00002.jpg 133,355,231,444,0 257,404,375,480,0 373,99,515,207,0 384,165,502,257,0 112,1,206,124,0 102,127,223,226,0 365,261,454,375,0 494,231,588,345,0 538,101,629,227,0 1,79,102,206,0 11,218,111,342,0 244,146,388,242,0 579,292,640,400,0 481,374,589,477,0
C:\Users\some\Desktop\（毕设）全自动捕捉显微镜\Microbial-identification\src/neural_network/VOCdevkit/VOC2007/JPEGImages/BloodImage_00003.jpg 367,359,483,450,0 510,208,621,299,0 319,279,417,374,0 315,95,426,197,0 377,145,475,240,0 521,16,609,141,0 411,1,516,86,0 61,70,149,217,0 220,255,332,376,0 51,201,163,322,0 514,385,601,480,0
C:\Users\some\Desktop\（毕设）全自动捕捉显微镜\Microbial-identification\src/neural_network/VOCdevkit/VOC2007/JPEGImages/BloodImage_00004.jpg 482,361,593,468,0 425,223,536,330,0 351,359,462,466,0 406,63,529,186,0 1,251,89,373,0 2,77,94,196,0 514,111,603,203,0 80,275,165,373,0 32,1,146,68,0 282,40,386,135,0
C:\Users\some\Desktop\（毕设）全自动捕捉显微镜\Microbial-identification\src/neural_network/VOCdevkit/VOC2007/JPEGImages/BloodImage_00005.jpg 423,41,509,168,0 529,74,640,210,0 434,349,573,466,0 473,208,578,320,0 373,184,478,296,0 437,170,517,266,0 282,118,382,216,0 209,170,322,270,0 31,235,128,329,0 145,305,237,414,0 114,391,217,480,0 52,110,158,203,0 330,1,436,93,0 171,1,261,77,0 1,69,93,168,0
C:\Users\some\Desktop\（毕设）全自动捕捉显微镜\Microbial-identification\src/neural_network/VOCdevkit/VOC2007/JPEGImages/BloodImage_00006.jpg 361,316,476,458,0 221,299,372,439,0 84,351,198,456,0 501,1,615,109,0 479,208,593,317,0 18,53,132,163,0 547,375,640,480,0 371,131,485,240,0 286,104,398,189,0
C:\Users\some\Desktop\（毕设）全自动捕捉显微镜\Microbial-identification\src/neural_network/VOCdevkit/VOC2007/JPEGImages/BloodImage_00007.jpg 24,292,139,397,0 67,375,182,480,0 490,297,605,402,0 525,371,640,476,0 153,270,276,356,0 230,322,305,407,0 289,335,364,420,0 506,13,638,144,0 285,1,400,89,0 33,137,148,226,0 494,170,625,304,0
C:\Users\some\Desktop\（毕设）全自动捕捉显微镜\Microbial-identification\src/neural_network/VOCdevkit/VOC2007/JPEGImages/BloodImage_00008.jpg 405,227,512,330,0 516,109,636,217,0 331,44,451,152,0 224,23,339,116,0 377,317,480,412,0 1,168,95,293,0 450,1,571,85,0 292,304,383,412,0 527,251,618,359,0 139,66,246,188,0 117,1,222,83,0
C:\Users\some\Desktop\（毕设）全自动捕捉显微镜\Microbial-identification\src/neural_network/VOCdevkit/VOC2007/JPEGImages/BloodImage_00009.jpg 449,322,567,425,0 452,97,570,200,0 323,91,441,194,0 4,90,123,199,0 168,19,287,144,0 237,289,320,439,0 356,324,447,444,0 456,1,547,104,0 1,1,114,95,0 126,395,226,479,0 363,195,463,279,0 297,213,397,297,0 295,1,386,67,0
C:\Users\some\Desktop\（毕设）全自动捕捉显微镜\Microbial-identification\src/neural_network/VOCdevkit/VOC2007/JPEGImages/BloodImage_00010.jpg 274,173,387,259,0 408,80,532,179,0 311,75,412,171,0 71,141,169,250,0 169,217,267,326,0 189,244,287,353,0 561,164,640,268,0 562,242,640,338,0 539,301,640,397,0 539,338,640,434,0 11,1,112,80,0 26,83,120,177,0 324,1,430,78,0 443,1,549,78,0
C:\Users\some\Desktop\（毕设）全自动捕捉显微镜\Microbial-identification\src/neural_network/VOCdevkit/VOC2007/JPEGImages/BloodImage_00011.jpg 221,14,320,113,0 337,51,436,150,0 319,79,425,180,0 358,192,465,277,0 24,295,120,410,0 459,115,551,222,0 117,1,213,115,0 396,283,497,395,0 576,305,640,396,0 234,336,327,426,0 87,379,220,474,0 455,238,581,340,0
C:\Users\some\Desktop\（毕设）全自动捕捉显微镜\Microbial-identification\src/neural_network/VOCdevkit/VOC2007/JPEGImages/BloodImage_00012.jpg 356,148,470,241,0 377,216,491,309,0 394,313,508,406,0 318,376,432,469,0 127,392,249,480,0 15,336,129,429,0 168,308,282,401,0 571,361,640,453,0 571,86,640,178,0 493,73,608,208,0 563,234,640,336,0 478,270,570,352,0
C:\Users\some\Desktop\（毕设）全自动捕捉显微镜\Microbial-identification\src/neural_network/VOCdevkit/VOC2007/JPEGImages/BloodImage_00013.jpg 260,288,366,391,0 415,295,517,422,0 366,120,483,226,0 98,97,204,189,0 494,236,602,338,0 320,1,424,89,0 192,10,297,101,0 537,62,626,149,0 475,77,564,165,0 199,365,322,468,0
C:\Users\some\Desktop\（毕设）全自动捕捉显微镜\Microbial-identification\src/neural_network/VOCdevkit/VOC2007/JPEGImages/BloodImage_00014.jpg 77,16,167,99,0 53,70,143,153,0 1,145,73,228,0 159,141,252,249,0 335,1,407,94,0 316,79,421,171,0 440,1,545,92,0 80,333,202,439,0 217,400,331,480,0 359,311,457,391,0 389,218,490,310,0 504,336,605,428,0 545,232,608,324,0 228,83,342,189,0
C:\Users\some\Desktop\（毕设）全自动捕捉显微镜\Microbial-identification\src/neural_network/VOCdevkit/VOC2007/JPEGImages/BloodImage_00015.jpg 421,359,521,457,0 269,404,366,480,0 446,88,546,158,0 430,131,530,204,0 345,142,431,221,0 352,181,470,310,0 336,18,450,114,0 539,43,640,140,0 1,276,98,377,0 1,398,120,478,0 69,62,167,163,0 170,230,268,331,0 566,144,640,249,0 435,1,533,69,0
C:\Users\some\Desktop\（毕设）全自动捕捉显微镜\Microbial-identification\src/neural_network/VOCdevkit/VOC2007/JPEGImages/BloodImage_00016.jpg 327,124,420,229,0 134,331,248,440,0 237,333,351,442,0 348,190,462,299,0 450,86,539,174,0 574,1,640,78,0 536,80,631,176,0 576,295,640,402,0 433,336,539,436,0 67,162,173,262,0
C:\Users\some\Desktop\（毕设）全自动捕捉显微镜\Microbial-identification\src/neural_network/VOCdevkit/VOC2007/JPEGImages/BloodImage_00017.jpg 406,79,500,184,0 443,298,553,403,0 430,353,540,458,0 281,42,391,147,0 248,67,326,157,0 407,179,509,265,0 484,174,586,260,0 1,223,103,309,0 154,5,256,84,0 549,1,639,69,0 533,104,636,209,0 129,387,231,473,0 234,381,335,471,0
C:\Users\some\Desktop\（毕设）全自动捕捉显微镜\Microbial-identification\src/neural_network/VOCdevkit/VOC2007/JPEGImages/BloodImage_00018.jpg 407,402,513,480,0 288,424,388,480,0 177,99,297,195,0 122,33,242,129,0 456,107,576,203,0 455,207,551,287,0 569,81,640,180,0 537,274,640,368,0 408,309,511,403,0 298,161,401,255,0 1,210,89,311,0 69,332,181,446,0 174,190,286,304,0
C:\Users\some\Desktop\（毕设）全自动捕捉显微镜\Microbial-identification\src/neural_network/VOCdevkit/VOC2007/JPEGImages/BloodImage_00019.jpg 416,332,506,421,0 240,402,330,480,0 35,172,126,276,0 395,147,485,236,0 301,143,436,209,0 105,1,234,95,0 525,338,620,448,0 537,52,615,142,0 306,208,435,313,0 461,215,546,336,0 189,288,279,377,0 40,301,163,385,0
C:\Users\some\Desktop\（毕设）全自动捕捉显微镜\Microbial-identification\src/neural_network/VOCdevkit/VOC2007/JPEGImages/BloodImage_00020.jpg 405,27,502,125,0 466,205,572,317,0 505,246,621,333,0 454,366,592,480,0 144,371,247,465,0 40,286,143,380,0 292,246,395,340,0 229,109,332,203,0 151,254,240,340,0 74,177,186,280,0 516,47,613,145,0 67,392,156,478,0 41,9,147,84,0 1,43,103,138,0
C:\Users\some\Desktop\（毕设）全自动捕捉显微镜\Microbial-identification\src/neural_network/VOCdevkit/VOC2007/JPEGImages/BloodImage_00021.jpg 100,339,209,458,0 369,140,478,259,0 529,111,618,207,0 392,4,481,100,0 285,168,394,266,0 16,273,125,371,0 1,106,97,201,0 76,100,174,195,0 209,1,318,117,0 160,111,269,209,0 367,138,476,257,0 144,244,275,323,0 464,373,575,467,0
C:\Users\some\Desktop\（毕设）全自动捕捉显微镜\Microbial-identification\src/neural_network/VOCdevkit/VOC2007/JPEGImages/BloodImage_00022.jpg 374,247,483,348,0 434,378,543,479,0 389,378,498,479,0 274,395,386,480,0 294,146,396,231,0 440,65,576,171,0 475,133,576,263,0 40,154,138,239,0 101,347,209,451,0 284,15,392,119,0 17,47,109,147,0 572,377,640,476,0 1,322,95,421,0
C:\Users\some\Desktop\（毕设）全自动捕捉显微镜\Microbial-identification\src/neural_network/VOCdevkit/VOC2007/JPEGImages/BloodImage_00023.jpg 311,360,415,473,0 281,115,387,242,0 181,282,287,374,0 310,248,412,366,0 520,145,622,263,0 401,81,503,199,0 543,350,640,441,0 28,156,109,248,0 46,1,137,76,0 488,1,597,68,0 49,406,175,480,0 368,1,454,113,0 1,281,92,388,0
C:\Users\some\Desktop\（毕设）全自动捕捉显微镜\Microbial-identification\src/neural_network/VOCdevkit/VOC2007/JPEGImages/BloodImage_00024.jpg 90,91,190,193,0 271,121,371,223,0 499,1,605,89,0 438,92,525,213,0 368,260,468,362,0 403,341,509,451,0 197,182,309,314,0 109,198,197,295,0 24,311,137,424,0 567,251,640,381,0 387,119,487,221,0 487,322,592,423,0
C:\Users\some\Desktop\（毕设）全自动捕捉显微镜\Microbial-identification\src/neural_network/VOCdevkit/VOC2007/JPEGImages/BloodImage_00026.jpg 181,4,279,110,0 115,155,213,261,0 232,289,330,395,0 81,357,196,460,0 6,193,115,279,0 458,111,570,215,0 505,195,600,284,0 294,194,416,321,0 327,354,429,451,0 423,281,525,378,0 296,82,400,197,0 102,69,208,161,0 1,128,106,220,0 181,359,273,454,0
C:\Users\some\Desktop\（毕设）全自动捕捉显微镜\Microbial-identification\src/neural_network/VOCdevkit/VOC2007/JPEGImages/BloodImage_00028.jpg 224,166,320,276,0 206,300,302,410,0 1,283,115,403,0 145,126,242,233,0 333,282,430,389,0 1,181,88,276,0 134,1,216,68,0 556,179,640,296,0 461,260,558,367,0 555,1,640,99,0 388,166,491,265,0 537,374,640,473,0 400,73,494,176,0
C:\Users\some\Desktop\（毕设）全自动捕捉显微镜\Microbial-identification\src/neural_network/VOCdevkit/VOC2007/JPEGImages/BloodImage_00029.jpg 265,368,370,467,0 392,353,509,466,0 357,149,462,229,0 426,131,539,235,0 141,325,254,429,0 239,192,344,291,0 241,91,346,190,0 418,1,523,99,0 80,23,208,148,0 47,86,127,173,0 13,362,109,456,0 1,305,74,402,0 529,58,637,145,0
C:\Users\some\Desktop\（毕设）全自动捕捉显微镜\Microbial-identification\src/neural_network/VOCdevkit/VOC2007/JPEGImages/BloodImage_00030.jpg 164,250,226,364,0 295,277,388,367,0 453,190,546,280,0 302,1,421,72,0 145,127,238,217,0 194,130,287,220,0 191,58,273,141,0 324,406,450,480,0 462,390,555,480,0 562,194,640,286,0 526,10,640,143,0 508,105,598,190,0 1,339,90,424,0
C:\Users\some\Desktop\（毕设）全自动捕捉显微镜\Microbial-identification\src/neural_network/VOCdevkit/VOC2007/JPEGImages/BloodImage_00031.jpg 399,234,511,320,0 528,399,621,480,0 533,63,640,180,0 336,158,449,245,0 146,383,253,480,0 44,357,151,454,0 37,199,143,341,0 51,66,147,155,0 512,187,608,276,0 464,1,599,74,0 33,1,146,87,0 249,266,353,373,0
C:\Users\some\Desktop\（毕设）全自动捕捉显微镜\Microbial-identification\src/neural_network/VOCdevkit/VOC2007/JPEGImages/BloodImage_00032.jpg 227,276,336,382,0 285,69,394,175,0 331,361,456,471,0 555,253,640,372,0 447,291,540,392,0 547,41,640,168,0 519,135,612,236,0 346,188,423,278,0 362,260,439,350,0 185,9,264,82,0 56,17,152,90,0 90,1,183,55,0 91,335,213,435,0 461,411,585,480,0 411,1,511,80,0 52,237,170,345,0
C:\Users\some\Desktop\（毕设）全自动捕捉显微镜\Microbial-identification\src/neural_network/VOCdevkit/VOC2007/JPEGImages/BloodImage_00033.jpg 94,231,185,326,0 453,226,555,321,0 297,241,398,368,0 181,375,302,480,0 88,19,167,126,0 357,80,463,189,0 549,36,640,148,0 225,280,331,389,0 439,356,536,480,0 361,356,458,480,0 303,1,405,86,0
